9,23,-182,159,118
159,23,-182,159,118
159,23,-182,159,118
160,22,-182,160,117
160,23,-183,160,118
155,25,-180,155,118
158,24,-182,158,118
158,24,-182,158,118
157,25,-182,157,119
152,27,-179,152,118
155,27,-182,155,120
156,27,-183,156,121
162,25,-187,162,122
152,30,-182,152,122
150,32,-182,150,123
153,29,-182,153,121
153,29,-182,153,121
153,30,-183,153,122
147,34,-181,147,124
151,32,-183,151,124
152,32,-184,152,124
152,32,-184,152,124
151,33,-184,151,125
150,34,-184,150,125
150,35,-185,150,127
141,41,-182,141,128
144,39,-183,144,128
147,38,-185,147,128
150,37,-187,150,129
147,38,-185,147,128
147,39,-186,147,129
147,40,-187,147,131
146,41,-187,146,131
144,42,-186,144,131
145,42,-187,145,132
146,41,-187,146,131
144,42,-186,144,131
144,44,-188,144,133
141,45,-186,141,133
142,46,-188,142,135
140,46,-186,140,133
136,48,-184,136,133
137,48,-185,137,134
143,45,-188,143,134
140,48,-188,140,136
145,45,-190,145,135
135,50,-185,135,135
139,48,-187,139,135
140,47,-187,140,135
138,48,-186,138,135
137,51,-188,137,137
139,51,-190,139,139
139,52,-191,139,140
136,53,-189,136,139
138,51,-189,138,138
137,53,-190,137,140
138,53,-191,138,140
135,55,-190,135,141
135,54,-189,135,140
136,54,-190,136,140
134,55,-189,134,140
136,54,-190,136,140
132,56,-188,132,140
132,58,-190,132,143
132,58,-190,132,143
128,60,-188,128,143
134,58,-192,134,144
129,60,-189,129,143
131,59,-190,131,143
128,62,-190,128,145
125,64,-189,125,146
123,65,-188,123,146
126,64,-190,126,146
126,64,-190,126,146
127,63,-190,127,146
127,63,-190,127,146
124,66,-190,124,147
119,68,-187,119,147
124,66,-190,124,147
119,69,-188,119,148
124,66,-190,124,147
123,67,-190,123,148
126,67,-193,126,150
122,69,-191,122,150
122,69,-191,122,150
121,71,-192,121,151
120,72,-192,120,152
119,72,-191,119,151
120,72,-192,120,152
120,72,-192,120,152
118,74,-192,118,153
119,74,-193,119,154
118,73,-191,118,152
117,74,-191,117,152
112,76,-188,112,152
118,73,-191,118,152
118,73,-191,118,152
114,77,-191,114,154
115,78,-193,115,156
114,77,-191,114,154
113,78,-191,113,155
119,75,-194,119,155
110,79,-189,110,154
114,77,-191,114,154
113,79,-192,113,156
110,81,-191,110,157
109,81,-190,109,156
111,80,-191,111,156
114,77,-191,114,154
108,82,-190,108,157
109,82,-191,109,157
110,81,-191,110,157
107,83,-190,107,157
107,83,-190,107,157
107,83,-190,107,157
108,83,-191,108,158
105,86,-191,105,159
106,86,-192,106,160
104,87,-191,104,160
104,88,-192,104,161
106,86,-192,106,160
106,87,-193,106,161
98,91,-189,98,161
104,89,-193,104,162
102,90,-192,102,162
102,90,-192,102,162
102,89,-191,102,161
102,90,-192,102,162
102,91,-193,102,163
93,-83,-10,93,-42
80,-118,38,80,-90
53,-103,50,53,-88
24,-70,46,24,-66
7,-39,32,7,-40
7,-25,18,7,-24
13,-20,7,13,-15
23,-21,-2,23,-10
38,-28,-10,38,-10
55,-41,-14,55,-15
70,-54,-16,70,-21
82,-68,-14,82,-31
96,-82,-14,96,-39
107,-94,-13,107,-46
117,-107,-10,117,-56
126,-119,-7,126,-64
137,-131,-6,137,-72
140,-138,-2,140,-78
148,-142,-6,148,-78
151,-142,-9,151,-76
152,-144,-8,152,-78
164,-151,-13,164,-79
168,-155,-13,168,-81
174,-162,-12,174,-86
175,-166,-9,175,-90
176,-173,-3,176,-98
175,-179,4,175,-105
175,-186,11,175,-113
172,-190,18,172,-120
169,-195,26,169,-127
164,-198,34,164,-133
149,-196,47,149,-140
156,-203,47,156,-144
153,-204,51,153,-147
153,-205,52,153,-148
151,-206,55,151,-150
151,-207,56,151,-151
150,-207,57,150,-152
152,-208,56,152,-152
149,-207,58,149,-152
148,-206,58,148,-152
150,-207,57,150,-152
148,-207,59,148,-153
148,-208,60,148,-154
146,-207,61,146,-154
147,-208,61,147,-155
149,-208,59,149,-154
152,-209,57,152,-153
149,-208,59,149,-154
146,-207,61,146,-154
148,-208,60,148,-154
150,-209,59,150,-154
149,-208,59,149,-154
151,-207,56,151,-151
152,-207,55,152,-151
147,-205,58,147,-151
152,-208,56,152,-152
151,-203,52,151,-147
163,-203,40,163,-140
167,-200,33,167,-134
174,-202,28,174,-132
172,-205,33,172,-137
166,-204,38,166,-139
162,-205,43,162,-143
158,-206,48,158,-146
156,-207,51,156,-148
153,-207,54,153,-150
151,-208,57,151,-152
149,-208,59,149,-154
149,-208,59,149,-154
149,-208,59,149,-154
149,-208,59,149,-154
152,-208,56,152,-152
152,-206,54,152,-150
154,-206,52,154,-148
158,-207,49,158,-147
156,-206,50,156,-147
158,-207,49,158,-147
158,-206,48,158,-146
153,-202,49,153,-144
159,-205,46,159,-144
158,-204,46,158,-144
159,-205,46,159,-144
165,-207,42,165,-143
163,-205,42,163,-142
164,-205,41,164,-142
165,-205,40,165,-141
164,-204,40,164,-140
166,-205,39,166,-140
166,-203,37,166,-138
164,-202,38,164,-138
166,-203,37,166,-138
166,-202,36,166,-137
166,-202,36,166,-137
168,-203,35,168,-137
168,-202,34,168,-136
166,-202,36,166,-137
167,-201,34,167,-135
169,-202,33,169,-135
169,-202,33,169,-135
169,-202,33,169,-135
170,-202,32,170,-135
169,-201,32,169,-134
172,-201,29,172,-132
170,-200,30,170,-132
170,-200,30,170,-132
169,-199,30,169,-132
170,-200,30,170,-132
172,-201,29,172,-132
174,-200,26,174,-130
173,-199,26,173,-129
174,-200,26,174,-130
173,-199,26,173,-129
173,-199,26,173,-129
174,-199,25,174,-129
174,-199,25,174,-129
175,-199,24,175,-128
176,-199,23,176,-128
177,-199,22,177,-127
177,-200,23,177,-128
177,-200,23,177,-128
175,-199,24,175,-128
178,-199,21,178,-127
179,-199,20,179,-126
173,-195,22,173,-125
178,-197,19,178,-124
178,-197,19,178,-124
178,-197,19,178,-124
180,-198,18,180,-124
182,-198,16,182,-123
180,-198,18,180,-124
181,-198,17,181,-124
180,-198,18,180,-124
182,-198,16,182,-123
182,-196,14,182,-121
183,-197,14,183,-121
184,-197,13,184,-121
186,-199,13,186,-122
182,-196,14,182,-121
183,-196,13,183,-120
178,-194,16,178,-121
186,-195,9,186,-117
185,-195,10,185,-118
184,-194,10,184,-117
188,-196,8,188,-117
185,-194,9,185,-117
184,-194,10,184,-117
191,-195,4,191,-114
190,-193,3,190,-113
187,-193,6,187,-114
188,-193,5,188,-114
189,-193,4,189,-113
188,-193,5,188,-114
189,-193,4,189,-113
188,-190,2,188,-110
186,-189,3,186,-110
188,-190,2,188,-110
188,-190,2,188,-110
190,-190,0,190,-109
190,-191,1,190,-110
191,-190,-1,191,-109
190,-189,-1,190,-108
189,-189,0,189,-109
194,-191,-3,194,-108
192,-190,-2,192,-108
178,-183,5,178,-108
191,-189,-2,191,-107
193,-189,-4,193,-106
193,-188,-5,193,-105
192,-188,-4,192,-106
193,-189,-4,193,-106
195,-190,-5,195,-106
195,-190,-5,195,-106
193,-187,-6,193,-104
194,-188,-6,194,-105
193,-187,-6,193,-104
196,-188,-8,196,-103
196,-188,-8,196,-103
195,-188,-7,195,-104
198,-188,-10,198,-102
195,-187,-8,195,-103
196,-186,-10,196,-101
196,-186,-10,196,-101
196,-186,-10,196,-101
196,-186,-10,196,-101
197,-185,-12,197,-99
197,-184,-13,197,-98
198,-184,-14,198,-98
196,-183,-13,196,-98
196,-184,-12,196,-99
197,-183,-14,197,-97
197,-184,-13,197,-98
195,-181,-14,195,-96
199,-183,-16,199,-96
198,-183,-15,198,-96
197,-181,-16,197,-95
198,-182,-16,198,-95
201,-184,-17,201,-96
200,-182,-18,200,-94
199,-181,-18,199,-94
199,-181,-18,199,-94
199,-181,-18,199,-94
200,-181,-19,200,-93
197,-181,-16,197,-95
198,-180,-18,198,-93
201,-181,-20,201,-92
194,-177,-17,194,-92
199,-180,-19,199,-92
199,-180,-19,199,-92
202,-181,-21,202,-92
199,-180,-19,199,-92
206,-182,-24,206,-91
200,-179,-21,200,-91
199,-179,-20,199,-91
200,-179,-21,200,-91
201,-180,-21,201,-91
199,-178,-21,199,-90
201,-178,-23,201,-89
194,-174,-20,194,-88
199,-177,-22,199,-89
202,-178,-24,202,-88
201,-178,-23,201,-89
201,-178,-23,201,-89
200,-176,-24,200,-87
201,-177,-24,201,-88
197,-175,-22,197,-88
202,-177,-25,202,-87
200,-176,-24,200,-87
203,-177,-26,203,-87
205,-177,-28,205,-86
198,-174,-24,198,-86
203,-176,-27,203,-86
203,-176,-27,203,-86
204,-176,-28,204,-85
206,-178,-28,206,-86
205,-176,-29,205,-84
204,-175,-29,204,-84
206,-176,-30,206,-84
203,-175,-28,203,-84
206,-176,-30,206,-84
203,-175,-28,203,-84
203,-175,-28,203,-84
202,-172,-30,202,-81
203,-172,-31,203,-81
206,-173,-33,206,-80
203,-172,-31,203,-81
205,-173,-32,205,-81
216,-178,-38,216,-80
214,-175,-39,214,-78
203,-170,-33,203,-79
203,-170,-33,203,-79
202,-169,-33,202,-78
203,-170,-33,203,-79
202,-170,-32,202,-79
204,-169,-35,204,-77
204,-169,-35,204,-77
206,-170,-36,206,-77
204,-170,-34,204,-78
208,-171,-37,208,-77
204,-169,-35,204,-77
206,-170,-36,206,-77
205,-168,-37,205,-75
200,-168,-32,200,-78
205,-167,-38,205,-74
200,-165,-35,200,-75
205,-167,-38,205,-74
206,-168,-38,206,-75
204,-165,-39,204,-72
207,-166,-41,207,-72
206,-165,-41,206,-71
205,-164,-41,205,-71
208,-165,-43,208,-70
206,-164,-42,206,-70
205,-162,-43,205,-68
205,-162,-43,205,-68
203,-160,-43,203,-67
206,-162,-44,206,-68
204,-161,-43,204,-68
202,-160,-42,202,-68
210,-163,-47,210,-66
205,-160,-45,205,-66
206,-160,-46,206,-65
208,-161,-47,208,-65
210,-163,-47,210,-66
207,-161,-46,207,-66
198,-156,-42,198,-65
205,-158,-47,205,-64
202,-156,-46,202,-63
206,-158,-48,206,-63
205,-156,-49,205,-61
206,-156,-50,206,-61
206,-157,-49,206,-62
208,-156,-52,208,-60
205,-154,-51,205,-59
209,-155,-54,209,-58
206,-154,-52,206,-58
202,-152,-50,202,-58
206,-154,-52,206,-58
208,-152,-56,208,-55
208,-152,-56,208,-55
208,-152,-56,208,-55
209,-152,-57,209,-54
207,-151,-56,207,-54
208,-152,-56,208,-55
206,-150,-56,206,-54
205,-148,-57,205,-52
210,-149,-61,210,-50
207,-148,-59,207,-51
207,-147,-60,207,-50
210,-149,-61,210,-50
208,-148,-60,208,-50
210,-149,-61,210,-50
206,-146,-60,206,-49
211,-148,-63,211,-49
208,-147,-61,208,-49
201,-145,-56,201,-51
207,-145,-62,207,-47
208,-144,-64,208,-46
214,-146,-68,214,-45
209,-143,-66,209,-44
208,-142,-66,208,-43
208,-142,-66,208,-43
209,-143,-66,209,-44
209,-143,-66,209,-44
207,-139,-68,207,-40
210,-141,-69,210,-41
209,-140,-69,209,-40
209,-139,-70,209,-39
210,-140,-70,210,-40
206,-138,-68,206,-40
210,-138,-72,210,-38
208,-136,-72,208,-36
207,-135,-72,207,-36
208,-136,-72,208,-36
204,-134,-70,204,-36
209,-136,-73,209,-36
209,-135,-74,209,-35
208,-134,-74,208,-34
209,-134,-75,209,-34
211,-134,-77,211,-32
210,-134,-76,210,-33
211,-135,-76,211,-34
209,-132,-77,209,-31
208,-132,-76,208,-32
210,-132,-78,210,-31
212,-132,-80,212,-30
207,-128,-79,207,-28
207,-131,-76,207,-31
201,-127,-74,201,-30
209,-128,-81,209,-27
207,-126,-81,207,-25
207,-124,-83,207,-23
207,-124,-83,207,-23
206,-124,-82,206,-24
208,-125,-83,208,-24
208,-124,-84,208,-23
211,-125,-86,211,-22
207,-123,-84,207,-22
200,-119,-81,200,-21
208,-122,-86,208,-20
208,-123,-85,208,-21
208,-121,-87,208,-19
208,-120,-88,208,-18
208,-120,-88,208,-18
212,-121,-91,212,-17
210,-120,-90,210,-17
209,-120,-89,209,-17
207,-119,-88,207,-17
209,-119,-90,209,-16
208,-118,-90,208,-16
207,-117,-90,207,-15
210,-118,-92,210,-15
208,-116,-92,208,-13
208,-116,-92,208,-13
208,-114,-94,208,-11
208,-114,-94,208,-11
207,-112,-95,207,-9
206,-112,-94,206,-10
217,-117,-100,217,-9
207,-112,-95,207,-9
207,-113,-94,207,-10
210,-115,-95,210,-11
208,-114,-94,208,-11
209,-114,-95,209,-10
210,-114,-96,210,-10
210,-114,-96,210,-10
211,-115,-96,211,-10
210,-114,-96,210,-10
209,-114,-95,209,-10
210,-114,-96,210,-10
210,-114,-96,210,-10
208,-112,-96,208,-9
210,-115,-95,210,-11
213,-116,-97,213,-10
210,-115,-95,210,-11
211,-115,-96,211,-10
209,-115,-94,209,-12
220,-120,-100,220,-11
209,-115,-94,209,-12
211,-118,-93,211,-14
209,-119,-90,209,-16
208,-119,-89,208,-17
209,-121,-88,209,-19
208,-120,-88,208,-18
208,-120,-88,208,-18
210,-123,-87,210,-20
210,-123,-87,210,-20
209,-122,-87,209,-20
211,-123,-88,211,-20
211,-125,-86,211,-22
210,-123,-87,210,-20
208,-122,-86,208,-20
211,-125,-86,211,-22
211,-126,-85,211,-23
212,-126,-86,212,-23
212,-127,-85,212,-24
214,-128,-86,214,-24
210,-126,-84,210,-24
211,-129,-82,211,-27
209,-129,-80,209,-28
210,-130,-80,210,-28
212,-132,-80,212,-30
208,-130,-78,208,-30
205,-128,-77,205,-29
213,-133,-80,213,-30
211,-133,-78,211,-31
211,-133,-78,211,-31
211,-133,-78,211,-31
211,-133,-78,211,-31
212,-133,-79,212,-31
214,-135,-79,214,-32
208,-134,-74,208,-34
205,-134,-71,205,-36
209,-136,-73,209,-36
215,-140,-75,215,-37
210,-138,-72,210,-38
213,-139,-74,213,-37
208,-136,-72,208,-36
209,-137,-72,209,-37
212,-139,-73,212,-38
206,-136,-70,206,-38
210,-138,-72,210,-38
202,-134,-68,202,-38
214,-143,-71,214,-41
210,-141,-69,210,-41
208,-142,-66,208,-43
211,-144,-67,211,-44
208,-142,-66,208,-43
208,-141,-67,208,-42
208,-143,-65,208,-45
210,-145,-65,210,-46
211,-144,-67,211,-44
209,-144,-65,209,-45
211,-144,-67,211,-44
212,-145,-67,212,-45
210,-147,-63,210,-48
207,-146,-61,207,-49
209,-148,-61,209,-50
208,-149,-59,208,-51
210,-149,-61,210,-50
208,-147,-61,208,-49
210,-149,-61,210,-50
210,-151,-59,210,-53
209,-150,-59,209,-52
208,-150,-58,208,-53
209,-151,-58,209,-53
204,-149,-55,204,-54
208,-151,-57,208,-54
208,-153,-55,208,-56
207,-153,-54,207,-57
206,-152,-54,206,-56
209,-154,-55,209,-57
208,-154,-54,208,-57
207,-153,-54,207,-57
206,-154,-52,206,-58
206,-154,-52,206,-58
207,-157,-50,207,-61
210,-158,-52,210,-61
208,-157,-51,208,-61
206,-156,-50,206,-61
209,-157,-52,209,-60
207,-159,-48,207,-64
205,-159,-46,205,-65
206,-160,-46,206,-65
208,-162,-46,208,-66
210,-163,-47,210,-66
207,-161,-46,207,-66
206,-161,-45,206,-66
206,-162,-44,206,-68
206,-162,-44,206,-68
206,-162,-44,206,-68
207,-163,-44,207,-68
205,-161,-44,205,-67
206,-163,-43,206,-69
207,-165,-42,207,-71
206,-164,-42,206,-70
206,-165,-41,206,-71
205,-164,-41,205,-71
205,-164,-41,205,-71
207,-166,-41,207,-72
204,-165,-39,204,-72
205,-166,-39,205,-73
204,-166,-38,204,-73
205,-167,-38,205,-74
205,-167,-38,205,-74
206,-167,-39,206,-73
207,-170,-37,207,-76
204,-170,-34,204,-78
204,-170,-34,204,-78
206,-171,-35,206,-78
204,-170,-34,204,-78
206,-171,-35,206,-78
199,-168,-31,199,-79
203,-170,-33,203,-79
203,-171,-32,203,-80
202,-171,-31,202,-80
206,-172,-34,206,-79
204,-172,-32,204,-80
202,-171,-31,202,-80
202,-172,-30,202,-81
203,-172,-31,203,-81
205,-174,-31,205,-82
206,-175,-31,206,-83
202,-172,-30,202,-81
206,-175,-31,206,-83
203,-174,-29,203,-83
204,-175,-29,204,-84
203,-175,-28,203,-84
203,-174,-29,203,-83
205,-176,-29,205,-84
203,-176,-27,203,-86
202,-176,-26,202,-86
200,-176,-24,200,-87
201,-176,-25,201,-87
203,-177,-26,203,-87
201,-176,-25,201,-87
204,-177,-27,204,-86
200,-176,-24,200,-87
197,-175,-22,197,-88
204,-179,-25,204,-88
198,-176,-22,198,-88
200,-176,-24,200,-87
198,-176,-22,198,-88
203,-179,-24,203,-89
203,-181,-22,203,-91
200,-178,-22,200,-90
200,-178,-22,200,-90
199,-179,-20,199,-91
202,-181,-21,202,-92
204,-181,-23,204,-91
201,-180,-21,201,-91
200,-179,-21,200,-91
200,-180,-20,200,-92
204,-181,-23,204,-91
199,-178,-21,199,-90
200,-180,-20,200,-92
199,-181,-18,199,-94
200,-181,-19,200,-93
202,-183,-19,202,-94
199,-181,-18,199,-94
199,-181,-18,199,-94
202,-181,-21,202,-92
199,-182,-17,199,-95
199,-183,-16,199,-96
199,-183,-16,199,-96
200,-183,-17,200,-95
197,-182,-15,197,-96
199,-183,-16,199,-96
198,-182,-16,198,-95
198,-183,-15,198,-96
198,-184,-14,198,-98
196,-182,-14,196,-96
197,-183,-14,197,-97
198,-184,-14,198,-98
198,-183,-15,198,-96
198,-185,-13,198,-99
197,-184,-13,197,-98
197,-184,-13,197,-98
196,-184,-12,196,-99
195,-183,-12,195,-98
197,-184,-13,197,-98
196,-184,-12,196,-99
194,-184,-10,194,-100
196,-185,-11,196,-100
195,-184,-11,195,-99
195,-184,-11,195,-99
194,-184,-10,194,-100
198,-187,-11,198,-101
195,-186,-9,195,-102
194,-185,-9,194,-101
195,-186,-9,195,-102
194,-186,-8,194,-102
198,-187,-11,198,-101
195,-186,-9,195,-102
194,-187,-7,194,-103
193,-187,-6,193,-104
194,-188,-6,194,-105
195,-189,-6,195,-105
188,-185,-3,188,-105
195,-189,-6,195,-105
196,-189,-7,196,-105
194,-189,-5,194,-106
194,-189,-5,194,-106
191,-189,-2,191,-107
194,-190,-4,194,-107
192,-188,-4,192,-106
191,-189,-2,191,-107
189,-189,0,189,-109
190,-189,-1,190,-108
186,-188,2,186,-109
190,-188,-2,190,-107
192,-190,-2,192,-108
190,-189,-1,190,-108
188,-190,2,188,-110
190,-191,1,190,-110
188,-190,2,188,-110
191,-192,1,191,-111
183,-188,5,183,-111
192,-192,0,192,-110
186,-191,5,186,-113
190,-193,3,190,-113
190,-193,3,190,-113
188,-193,5,188,-114
186,-192,6,186,-114
186,-192,6,186,-114
190,-194,4,190,-114
182,-192,10,182,-116
182,-193,11,182,-117
183,-194,11,183,-118
185,-195,10,185,-118
182,-194,12,182,-118
182,-194,12,182,-118
183,-194,11,183,-118
183,-194,11,183,-118
183,-194,11,183,-118
183,-194,11,183,-118
184,-195,11,184,-118
182,-194,12,182,-118
178,-194,16,178,-121
182,-197,15,182,-122
181,-196,15,181,-121
180,-196,16,180,-122
179,-196,17,179,-122
181,-197,16,181,-122
176,-195,19,176,-123
174,-195,21,174,-124
178,-197,19,178,-124
181,-199,18,181,-125
174,-196,22,174,-125
173,-196,23,173,-126
177,-198,21,177,-126
175,-198,23,175,-127
176,-199,23,176,-128
169,-195,26,169,-127
173,-198,25,173,-128
176,-200,24,176,-129
174,-198,24,174,-128
174,-199,25,174,-129
173,-199,26,173,-129
174,-200,26,174,-130
172,-199,27,172,-130
170,-197,27,170,-129
172,-199,27,172,-130
171,-198,27,171,-129
172,-201,29,172,-132
170,-200,30,170,-132
171,-201,30,171,-133
170,-201,31,170,-133
169,-201,32,169,-134
166,-199,33,166,-133
168,-202,34,168,-136
163,-200,37,163,-136
167,-202,35,167,-136
168,-203,35,168,-137
172,-205,33,172,-137
166,-202,36,166,-137
166,-202,36,166,-137
163,-202,39,163,-139
160,-200,40,160,-138
166,-205,39,166,-140
163,-202,39,163,-139
165,-203,38,165,-139
165,-205,40,165,-141
163,-205,42,163,-142
161,-203,42,161,-141
161,-203,42,161,-141
159,-202,43,159,-141
159,-202,43,159,-141
160,-204,44,160,-143
158,-204,46,158,-144
158,-203,45,158,-143
159,-205,46,159,-144
153,-202,49,153,-144
159,-205,46,159,-144
156,-204,48,156,-145
154,-202,48,154,-144
158,-205,47,158,-145
158,-205,47,158,-145
162,-207,45,162,-145
157,-205,48,157,-146
157,-205,48,157,-146
144,-200,56,144,-147
154,-206,52,154,-148
153,-205,52,153,-148
151,-205,54,151,-149
153,-206,53,153,-149
155,-206,51,155,-148
143,-201,58,143,-149
151,-206,55,151,-150
150,-206,56,150,-151
148,-206,58,148,-152
146,-204,58,146,-151
150,-206,56,150,-151
150,-206,56,150,-151
146,-205,59,146,-152
149,-208,59,149,-154
146,-206,60,146,-153
150,-207,57,150,-152
148,-207,59,148,-153
148,-207,59,148,-153
149,-208,59,149,-154
146,-207,61,146,-154
140,-205,65,140,-155
146,-208,62,146,-155
146,-207,61,146,-154
139,-205,66,139,-156
142,-206,64,142,-155
143,-206,63,143,-155
143,-206,63,143,-155
143,-206,63,143,-155
144,-207,63,144,-155
142,-206,64,142,-155
138,-206,68,138,-158
137,-206,69,137,-158
138,-207,69,138,-159
138,-208,70,138,-160
140,-208,68,140,-159
139,-207,68,139,-158
138,-207,69,138,-159
136,-208,72,136,-161
131,-206,75,131,-162
136,-208,72,136,-161
136,-210,74,136,-163
135,-208,73,135,-162
130,-206,76,130,-162
135,-208,73,135,-162
134,-208,74,134,-162
134,-208,74,134,-162
129,-205,76,129,-162
134,-208,74,134,-162
135,-209,74,135,-163
88,-9,-79,88,40
67,35,-102,67,79
43,54,-97,43,87
30,53,-83,30,78
24,51,-75,24,72
29,51,-80,29,75
44,61,-105,44,95
51,62,-113,51,101
51,52,-103,51,89
51,43,-94,51,79
50,36,-86,50,70
50,30,-80,50,63
53,18,-71,53,51
58,7,-65,58,41
59,1,-60,59,35
68,-7,-61,68,31
76,-16,-60,76,25
86,-23,-63,86,23
95,-26,-69,95,24
105,-30,-75,105,25
111,-30,-81,111,29
125,-34,-91,125,32
136,-35,-101,136,38
145,-31,-114,145,47
150,-28,-122,150,54
162,-26,-136,162,63
166,-21,-145,166,71
168,-13,-155,168,81
161,0,-161,161,92
160,10,-170,160,103
148,28,-176,148,117
139,43,-182,139,129
128,58,-186,128,140
119,68,-187,119,147
116,72,-188,116,150
116,72,-188,116,150
118,70,-188,118,148
124,64,-188,124,145
119,65,-184,119,143
124,63,-187,124,144
122,66,-188,122,146
125,64,-189,125,146
118,67,-185,118,145
126,63,-189,126,145
125,63,-188,125,144
126,62,-188,126,144
124,62,-186,124,143
130,59,-189,130,143
132,57,-189,132,142
137,54,-191,137,141
135,54,-189,135,140
135,55,-190,135,141
132,58,-190,132,143
130,60,-190,130,144
127,63,-190,127,146
122,68,-190,122,148
119,71,-190,119,150
120,72,-192,120,152
115,76,-191,115,154
114,77,-191,114,154
114,80,-194,114,158
111,80,-191,111,156
106,82,-188,106,155
112,78,-190,112,154
114,77,-191,114,154
113,76,-189,113,152
117,74,-191,117,152
112,76,-188,112,152
118,73,-191,118,152
118,73,-191,118,152
116,72,-188,116,150
126,65,-191,126,147
122,68,-190,122,148
123,67,-190,123,148
120,68,-188,120,147
124,66,-190,124,147
128,64,-192,128,147
125,65,-190,125,147
124,65,-189,124,146
128,63,-191,128,146
127,63,-190,127,146
127,63,-190,127,146
128,62,-190,128,145
131,59,-190,131,143
130,59,-189,130,143
127,60,-187,127,142
131,58,-189,131,142
134,56,-190,134,142
130,58,-188,130,142
133,56,-189,133,141
134,54,-188,134,139
132,54,-186,132,138
135,52,-187,135,137
145,47,-192,145,137
131,53,-184,131,136
139,49,-188,139,136
139,48,-187,139,135
142,46,-188,142,135
138,48,-186,138,135
146,43,-189,146,133
144,44,-188,144,133
144,44,-188,144,133
142,44,-186,142,132
147,42,-189,147,133
145,42,-187,145,132
146,41,-187,146,131
144,42,-186,144,131
143,43,-186,143,132
147,41,-188,147,132
147,39,-186,147,129
146,40,-186,146,130
150,37,-187,150,129
146,40,-186,146,130
146,40,-186,146,130
145,41,-186,145,131
146,40,-186,146,130
156,35,-191,156,130
146,39,-185,146,129
147,38,-185,147,128
150,37,-187,150,129
147,38,-185,147,128
146,39,-185,146,129
151,36,-187,151,128
150,36,-186,150,128
149,36,-185,149,127
152,34,-186,152,127
149,37,-186,149,128
149,37,-186,149,128
148,38,-186,148,129
149,36,-185,149,127
148,36,-184,148,127
150,34,-184,150,125
156,32,-188,156,127
150,35,-185,150,127
150,34,-184,150,125
147,36,-183,147,126
153,31,-184,153,124
152,32,-184,152,124
154,30,-184,154,123
156,27,-183,156,121
156,27,-183,156,121
155,28,-183,155,121
156,26,-182,156,120
157,25,-182,157,119
157,24,-181,157,118
166,20,-186,166,118
158,23,-181,158,117
158,23,-181,158,117
163,20,-183,163,117
162,20,-182,162,116
163,18,-181,163,114
163,18,-181,163,114
165,16,-181,165,113
166,16,-182,166,114
166,16,-182,166,114
166,16,-182,166,114
168,13,-181,168,112
166,13,-179,166,110
162,16,-178,162,112
166,13,-179,166,110
168,13,-181,168,112
168,13,-181,168,112
163,13,-176,163,109
162,14,-176,162,109
168,10,-178,168,108
167,10,-177,167,107
167,11,-178,167,109
169,10,-179,169,109
172,8,-180,172,108
165,11,-176,165,107
171,8,-179,171,107
170,8,-178,170,107
170,8,-178,170,107
168,10,-178,168,108
165,10,-175,165,106
168,8,-176,168,106
168,7,-175,168,105
169,6,-175,169,104
170,6,-176,170,105
170,6,-176,170,105
169,7,-176,169,105
169,7,-176,169,105
170,6,-176,170,105
169,6,-175,169,104
171,4,-175,171,103
170,5,-175,170,103
169,6,-175,169,104
168,6,-174,168,103
170,5,-175,170,103
174,2,-176,174,102
172,3,-175,172,102
176,0,-176,176,101
174,1,-175,174,101
174,2,-176,174,102
174,1,-175,174,101
177,-1,-176,177,101
174,0,-174,174,100
177,-2,-175,177,99
178,-3,-175,178,99
177,-3,-174,177,98
179,-4,-175,179,98
178,-4,-174,178,98
180,-5,-175,180,98
178,-6,-172,178,95
179,-7,-172,179,95
179,-8,-171,179,94
181,-8,-173,181,95
180,-8,-172,180,94
182,-11,-171,182,92
178,-8,-170,178,93
183,-12,-171,183,91
182,-11,-171,182,92
180,-11,-169,180,91
182,-13,-169,182,90
182,-12,-170,182,91
180,-12,-168,180,90
181,-12,-169,181,90
184,-14,-170,184,90
184,-15,-169,184,88
182,-14,-168,182,88
186,-15,-171,186,90
183,-14,-169,183,89
183,-14,-169,183,89
183,-14,-169,183,89
184,-16,-168,184,87
185,-16,-169,185,88
181,-14,-167,181,88
183,-15,-168,183,88
182,-14,-168,182,88
179,-14,-165,179,87
183,-16,-167,183,87
184,-18,-166,184,85
182,-16,-166,182,86
178,-14,-164,178,86
183,-16,-167,183,87
176,-12,-164,176,87
182,-16,-166,182,86
183,-17,-166,183,86
184,-17,-167,184,86
182,-16,-166,182,86
182,-16,-166,182,86
183,-17,-166,183,86
184,-16,-168,184,87
185,-18,-167,185,86
186,-19,-167,186,85
188,-21,-167,188,84
189,-21,-168,189,84
188,-20,-168,188,85
188,-20,-168,188,85
188,-22,-166,188,83
188,-23,-165,188,81
189,-24,-165,189,81
184,-20,-164,184,83
188,-23,-165,188,81
188,-24,-164,188,80
187,-23,-164,187,81
192,-28,-164,192,78
188,-26,-162,188,78
190,-27,-163,190,78
189,-27,-162,189,77
188,-24,-164,188,80
191,-28,-163,191,77
191,-30,-161,191,75
190,-30,-160,190,75
192,-31,-161,192,75
190,-31,-159,190,73
191,-31,-160,191,74
191,-31,-160,191,74
189,-30,-159,189,74
180,-28,-152,180,71
191,-32,-159,191,73
189,-32,-157,189,72
188,-32,-156,188,71
189,-32,-157,189,72
184,-29,-155,184,72
194,-35,-159,194,71
193,-35,-158,193,71
192,-35,-157,192,70
194,-37,-157,194,69
189,-34,-155,189,69
192,-34,-158,192,71
190,-34,-156,190,70
189,-35,-154,189,68
189,-35,-154,189,68
189,-35,-154,189,68
186,-34,-152,186,68
189,-35,-154,189,68
192,-36,-156,192,69
192,-38,-154,192,66
193,-40,-153,193,65
194,-41,-153,194,64
196,-41,-155,196,65
194,-41,-153,194,64
195,-41,-154,195,65
195,-41,-154,195,65
198,-43,-155,198,64
195,-43,-152,195,62
201,-46,-155,201,62
196,-44,-152,196,62
198,-47,-151,198,60
198,-47,-151,198,60
192,-43,-149,192,61
195,-46,-149,195,59
197,-49,-148,197,57
193,-47,-146,193,57
196,-49,-147,196,56
192,-48,-144,192,55
202,-52,-150,202,56
196,-50,-146,196,55
194,-50,-144,194,54
198,-53,-145,198,53
195,-51,-144,195,53
197,-53,-144,197,52
196,-52,-144,196,53
200,-54,-146,200,53
193,-53,-140,193,50
195,-54,-141,195,50
198,-56,-142,198,49
198,-56,-142,198,49
200,-57,-143,200,49
198,-56,-142,198,49
195,-55,-140,195,49
200,-59,-141,200,47
193,-55,-138,193,47
198,-58,-140,198,47
184,-51,-133,184,47
202,-61,-141,202,46
200,-59,-141,200,47
199,-60,-139,199,45
199,-61,-138,199,44
199,-61,-138,199,44
202,-63,-139,202,43
200,-62,-138,200,43
200,-62,-138,200,43
200,-62,-138,200,43
203,-65,-138,203,42
201,-64,-137,201,42
202,-65,-137,202,41
201,-64,-137,201,42
201,-65,-136,201,40
201,-65,-136,201,40
199,-66,-133,199,38
201,-68,-133,201,37
203,-68,-135,203,38
206,-71,-135,206,36
203,-69,-134,203,37
202,-68,-134,202,38
203,-69,-134,203,37
203,-72,-131,203,34
204,-72,-132,204,34
204,-73,-131,204,33
200,-71,-129,200,33
203,-73,-130,203,32
203,-73,-130,203,32
198,-72,-126,198,31
203,-75,-128,203,30
204,-75,-129,204,31
201,-74,-127,201,30
202,-75,-127,202,30
204,-77,-127,204,28
201,-75,-126,201,29
204,-79,-125,204,26
202,-78,-124,202,26
203,-80,-123,203,24
206,-83,-123,206,23
204,-80,-124,204,25
205,-80,-125,205,25
205,-80,-125,205,25
204,-80,-124,204,25
210,-84,-126,210,24
204,-82,-122,204,23
207,-85,-122,207,21
207,-84,-123,207,22
204,-82,-122,204,23
207,-86,-121,207,20
206,-86,-120,206,19
206,-86,-120,206,19
206,-86,-120,206,19
207,-87,-120,207,19
206,-86,-120,206,19
207,-87,-120,207,19
205,-88,-117,205,16
202,-88,-114,202,15
204,-89,-115,204,15
207,-91,-116,207,14
206,-91,-115,206,13
204,-89,-115,204,15
206,-91,-115,206,13
206,-92,-114,206,12
206,-92,-114,206,12
206,-93,-113,206,11
205,-93,-112,205,10
207,-93,-114,207,12
206,-93,-113,206,11
204,-94,-110,204,9
208,-97,-111,208,8
208,-98,-110,208,6
207,-98,-109,207,6
208,-98,-110,208,6
209,-98,-111,209,7
24,-75,51,24,-72
-34,-66,100,-34,-95
-62,-48,110,-62,-91
-70,-28,98,-70,-72
-69,-15,84,-69,-57
-59,-11,70,-59,-46
-45,-11,56,-45,-38
-37,-13,50,-37,-36
-28,-18,46,-28,-36
-26,-20,46,-26,-38
-17,-30,47,-17,-44
-13,-37,50,-13,-50
-9,-46,55,-9,-58
-5,-55,60,-5,-66
-4,-60,64,-4,-71
-2,-66,68,-2,-77
6,-73,67,6,-80
10,-77,67,10,-83
11,-83,72,11,-89
19,-93,74,19,-96
27,-102,75,27,-102
30,-113,83,30,-113
33,-124,91,33,-124
34,-135,101,34,-136
29,-142,113,29,-147
24,-149,125,24,-158
16,-154,138,16,-168
10,-157,147,10,-175
-2,-152,154,-2,-176
-17,-146,163,-17,-178
-35,-137,172,-35,-178
-42,-131,173,-42,-175
-54,-124,178,-54,-174
-57,-122,179,-57,-173
-59,-121,180,-59,-173
-60,-118,178,-60,-170
-61,-117,178,-61,-170
-65,-115,180,-65,-170
-67,-114,181,-67,-170
-70,-111,181,-70,-168
-77,-107,184,-77,-168
-81,-105,186,-81,-168
-81,-104,185,-81,-166
-83,-103,186,-83,-166
-77,-109,186,-77,-170
-64,-120,184,-64,-175
-55,-131,186,-55,-183
-50,-135,185,-50,-184
-51,-136,187,-51,-186
-52,-136,188,-52,-187
-58,-132,190,-58,-185
-65,-125,190,-65,-181
-74,-115,189,-74,-175
-83,-104,187,-83,-168
-93,-95,188,-93,-163
-100,-87,187,-100,-158
-107,-80,187,-107,-154
-110,-76,186,-110,-151
-111,-73,184,-111,-148
-116,-68,184,-116,-145
-116,-66,182,-116,-143
-115,-67,182,-115,-143
-114,-67,181,-114,-143
-117,-67,184,-117,-144
-110,-71,181,-110,-145
-117,-68,185,-117,-146
-116,-68,184,-116,-145
-115,-69,184,-115,-146
-116,-69,185,-116,-146
-116,-70,186,-116,-147
-115,-71,186,-115,-148
-117,-68,185,-117,-146
-120,-66,186,-120,-145
-117,-67,184,-117,-144
-115,-69,184,-115,-146
-116,-68,184,-116,-145
-116,-66,182,-116,-143
-118,-65,183,-118,-143
-122,-62,184,-122,-142
-117,-64,181,-117,-141
-117,-65,182,-117,-142
-119,-63,182,-119,-141
-123,-62,185,-123,-142
-121,-63,184,-121,-142
-116,-65,181,-116,-142
-119,-65,184,-119,-143
-119,-64,183,-119,-142
-115,-66,181,-115,-142
-120,-61,181,-120,-139
-124,-59,183,-124,-139
-123,-59,182,-123,-139
-124,-58,182,-124,-138
-122,-60,182,-122,-139
-122,-60,182,-122,-139
-121,-58,179,-121,-136
-123,-58,181,-123,-137
-121,-59,180,-121,-137
-118,-59,177,-118,-136
-121,-59,180,-121,-137
-123,-58,181,-123,-137
-126,-56,182,-126,-137
-124,-57,181,-124,-137
-124,-57,181,-124,-137
-126,-56,182,-126,-137
-126,-56,182,-126,-137
-128,-54,182,-128,-136
-128,-53,181,-128,-135
-130,-52,182,-130,-135
-128,-52,180,-128,-133
-129,-51,180,-129,-133
-126,-53,179,-126,-133
-129,-49,178,-129,-131
-134,-45,179,-134,-129
-136,-44,180,-136,-129
-124,-49,173,-124,-128
-134,-44,178,-134,-128
-134,-44,178,-134,-128
-134,-43,177,-134,-127
-134,-43,177,-134,-127
-137,-42,179,-137,-127
-134,-43,177,-134,-127
-139,-41,180,-139,-127
-140,-38,178,-140,-124
-142,-37,179,-142,-124
-141,-37,178,-141,-124
-142,-36,178,-142,-123
-140,-38,178,-140,-124
-141,-36,177,-141,-122
-141,-37,178,-141,-124
-141,-35,176,-141,-121
-140,-36,176,-140,-122
-142,-35,177,-142,-122
-139,-37,176,-139,-122
-142,-36,178,-142,-123
-144,-34,178,-144,-122
-144,-34,178,-144,-122
-144,-34,178,-144,-122
-145,-35,180,-145,-124
-142,-35,177,-142,-122
-145,-35,180,-145,-124
-144,-34,178,-144,-122
-144,-34,178,-144,-122
-145,-33,178,-145,-121
-146,-32,178,-146,-121
-144,-34,178,-144,-122
-142,-34,176,-142,-121
-147,-30,177,-147,-119
-146,-30,176,-146,-118
-149,-28,177,-149,-118
-148,-29,177,-148,-118
-148,-29,177,-148,-118
-148,-28,176,-148,-117
-146,-27,173,-146,-115
-150,-26,176,-150,-116
-150,-26,176,-150,-116
-149,-27,176,-149,-117
-148,-27,175,-148,-116
-152,-24,176,-152,-115
-151,-23,174,-151,-113
-154,-22,176,-154,-114
-150,-23,173,-150,-113
-152,-22,174,-152,-113
-150,-23,173,-150,-113
-152,-20,172,-152,-110
-156,-18,174,-156,-110
-154,-19,173,-154,-110
-155,-18,173,-155,-110
-153,-19,172,-153,-110
-152,-19,171,-152,-109
-156,-16,172,-156,-108
-150,-19,169,-150,-108
-167,-11,178,-167,-109
-156,-16,172,-156,-108
-156,-16,172,-156,-108
-156,-15,171,-156,-107
-158,-14,172,-158,-107
-160,-13,173,-160,-107
-156,-15,171,-156,-107
-156,-15,171,-156,-107
-157,-15,172,-157,-107
-154,-15,169,-154,-106
-158,-12,170,-158,-105
-157,-13,170,-157,-105
-158,-13,171,-158,-106
-156,-14,170,-156,-106
-158,-12,170,-158,-105
-158,-12,170,-158,-105
-158,-12,170,-158,-105
-156,-13,169,-156,-105
-158,-12,170,-158,-105
-156,-13,169,-156,-105
-157,-13,170,-157,-105
-156,-13,169,-156,-105
-166,-7,173,-166,-103
-159,-10,169,-159,-103
-160,-10,170,-160,-103
-158,-11,169,-158,-103
-159,-10,169,-159,-103
-157,-10,167,-157,-102
-163,-7,170,-163,-102
-160,-8,168,-160,-101
-161,-7,168,-161,-101
-159,-9,168,-159,-102
-161,-7,168,-161,-101
-158,-7,165,-158,-99
-163,-4,167,-163,-98
-161,-4,165,-161,-97
-163,-4,167,-163,-98
-165,-2,167,-165,-97
-157,-5,162,-157,-96
-168,2,166,-168,-94
-166,2,164,-166,-93
-166,2,164,-166,-93
-166,2,164,-166,-93
-167,2,165,-167,-94
-166,2,164,-166,-93
-166,3,163,-166,-92
-166,3,163,-166,-92
-165,3,162,-165,-91
-164,2,162,-164,-92
-168,5,163,-168,-91
-168,5,163,-168,-91
-168,4,164,-168,-92
-167,5,162,-167,-90
-168,6,162,-168,-90
-169,7,162,-169,-89
-167,6,161,-167,-89
-173,9,164,-173,-89
-169,7,162,-169,-89
-170,8,162,-170,-88
-165,6,159,-165,-88
-172,10,162,-172,-87
-169,8,161,-169,-88
-173,10,163,-173,-88
-169,8,161,-169,-88
-172,9,163,-172,-88
-168,10,158,-168,-85
-168,12,156,-168,-83
-170,12,158,-170,-84
-170,13,157,-170,-83
-170,12,158,-170,-84
-165,9,156,-165,-84
-170,14,156,-170,-81
-166,11,155,-166,-83
-171,14,157,-171,-82
-171,16,155,-171,-80
-169,13,156,-169,-82
-169,14,155,-169,-81
-172,16,156,-172,-80
-173,17,156,-173,-80
-173,18